version: 1
creator: callgrind-3.11.0
pid: 22926
cmd:  ./fda-valgrind 1000 1000
part: 1


desc: I1 cache: 
desc: D1 cache: 
desc: LL cache: 

desc: Timerange: Basic block 0 - 38667
desc: Trigger: Program termination

positions: line
events: Ir
summary: 177712


ob=(5) /home/medue/hatwabar/CSE306/post-exp02-dylanhusseingunjanishika/fda-valgrind
fl=(60) ???
fn=(278) 0x0000000000400880
0 4

fn=(262) __libc_csu_init
0 16
cob=(2) ???
cfi=(16) ???
cfn=(264) 0x0000000000400440
calls=1 0 
0 28
0 10

fn=(268) 0x0000000000400600
0 16

fn=(242) 0x00000000004004e0
0 11
cob=(1) /usr/lib64/ld-2.17.so
cfi=(61) /usr/src/debug////////glibc-2.17-c758a686/elf/../sysdeps/x86_64/dl-trampoline.h
cfn=(250) _dl_runtime_resolve_fxsave
calls=1 71 
0 64671
0 5

fl=(68) /home/medue/hatwabar/CSE306/post-exp02-dylanhusseingunjanishika/main.c
fn=(290) main
6 5
+3 2
+2 1
+2 3
cob=(1)
cfi=(61)
cfn=(251) _dl_runtime_resolve_fxsave'2
calls=1 +58 
* 59259
* 5
* 1
+1 2
+5 5
cob=(1)
cfi=(61)
cfn=(251)
calls=1 +52 
* 1098
* 5
* 2
+2 1
+1 1
+1 5
cob=(1)
cfi=(61)
cfn=(251)
calls=1 +48 
* 1468
* 5
-2 2
-3 5
cob=(1)
cfi=(61)
cfn=(251)
calls=1 +53 
* 1428
* 5
* 3

ob=(4) /util/valgrind-3.11.0/lib/valgrind/vgpreload_core-amd64-linux.so
fl=(51) ???
fn=(206) 0x0000000000000530
0 6

fn=(200) 0x0000000000000490
0 6

fn=(212) 0x00000000000006d0
0 11

ob=(1)
fl=(14) /usr/src/debug/glibc-2.17-c758a686/string/../string/memcmp.c
fn=(30) bcmp
309 13
+3 13
-3 65
+4 13
-4 13
+7 26
+4 12
+16 4
+1 8
-1 8
129 21
-15 9
340 6
+4 1
+2 1
-2 2
+1 1
+5 20
+2 9
+1 9
+1 9
+3 98
-3 56
-2 56
+1 56
+4 112
-7 126
+12 8
+1 104
225 1
-7 1
+1 1
+4 1
+2 1
-6 1
+4 1
+2 5
-92 3
+1 3
+1 3
+1 3
+1 3
+48 3
-2 3
+1 3
+1 21
-77 3
+1 6
+4 6
-5 14
+1 28
+4 31
231 1
+2 1
-4 1
+1 1
+4 1
-2 1
+56 2
-2 1
+2 2
-1 1
+1 2
+1 2
+12 6
+1 2
-6 2

fl=(22) /usr/src/debug////////glibc-2.17-c758a686/posix/../sysdeps/unix/syscall-template.S
fn=(62) uname
81 4
+1 1

fl=(25) /usr/src/debug////////glibc-2.17-c758a686/string/../sysdeps/x86_64/rtld-strchr.S
fn=(76) index
38 11
+1 11
+1 11
+1 11
+1 6
+1 6
+3 6
+1 6
+1 6
-2 24
+1 24
+1 24
+1 30
+1 30
+1 30
+1 30
+1 30
+9 11
+1 11
+1 11
+2 22
+32 11
+1 11
+1 11
+1 11
+2 11
+3 11
-8 2
+1 2
+1 2
+1 2
+2 2
+3 2
+1 13
+1 13
+1 13
+2 13
+5 12
+1 12
+1 12
+3 12
+1 10
+1 10
+1 10
+2 10
+3 7
+1 7
+1 7
+1 7
+2 7
+3 7
+1 7
+1 7
+1 7
+2 7
+5 7
+1 7
+1 7
+3 7
+1 5
+1 5
+1 5
+2 5
+2 3
+1 3
+1 3
+1 3
+2 3
+3 3
+1 3
+1 3
+1 3
+2 3
+5 3
+1 3
+1 3
+3 3
+1 3
+1 3
+1 3
+2 3
+2 2
+1 2
+1 2
+1 2
+2 2
+3 2
+1 2
+1 2
+1 2
+2 2
+5 2
+1 2
+1 2
+3 2
+1 2
+1 2
+1 2
+2 2
+4 10
+1 10
+11 1
+1 1
+1 1
+1 1
+47 1
+1 1

fl=(15) /usr/src/debug/glibc-2.17-c758a686/elf/dl-object.c
fn=(48) _dl_add_to_namespace_list
33 6
+2 3
-2 9
+2 3
cfi=(2) /usr/src/debug/glibc-2.17-c758a686/elf/rtld.c
cfn=(50) rtld_lock_default_lock_recursive
calls=3 787 
* 6
+2 22
+4 3
-1 15
+2 2
+2 2
+4 2
+4 2
-4 4
+1 4
+1 4
+2 2
+1 6
-1 2
cfi=(2)
cfn=(52) rtld_lock_default_unlock_recursive
calls=2 793 
* 4
-4 1
+4 1
-4 2
+1 2
+1 2
+2 1
+1 3
-1 1
cfi=(2)
cfn=(52)
calls=1 793 
* 2
-5 2

fn=(32) _dl_new_object
62 33
+1 3
-1 6
+1 3
cfi=(10) /usr/src/debug////////glibc-2.17-c758a686/string/../sysdeps/x86_64/rtld-strlen.S
cfn=(20) strlen
calls=3 -37 
* 161
+6 3
-6 9
+6 33
+7 12
cfi=(17) /usr/src/debug/glibc-2.17-c758a686/elf/dl-minimal.c
cfn=(36) calloc
calls=3 +26 
* 182
* 3
+3 3
-3 3
+3 3
+4 3
+5 3
-6 3
+6 3
-5 3
+5 3
-1 6
+1 3
cfi=(18) /usr/src/debug////////glibc-2.17-c758a686/string/../sysdeps/x86_64/memcpy.S
cfn=(46) memcpy
calls=3 -27 
* 97
* 3
+4 3
-2 3
+3 3
-1 3
+1 12
+3 3
-3 3
+3 3
+9 3
-7 3
+4 3
+3 8
+2 2
-2 2
+2 30
-2 30
+12 3
+6 3
-5 3
-1 3
+6 9
-2 3
+2 6
+2 6
+3 7
+4 6
+4 6
+2 1
+6 1
+3 2
+3 5
-3 4
+3 10
+2 2
+4 2
-4 2
cfi=(10)
cfn=(20)
calls=2 26 
* 122
* 4
+4 2
-4 2
+4 6
+64 4
+4 24
-88 6
-39 7
+39 3
+70 6
cfi=(18)
cfn=(68) mempcpy
calls=2 61 
* 81
* 2
+5 40
+1 40
-1 40
+1 42
-1 2
+1 6
+5 4
-57 4
cfi=(17)
cfn=(40) malloc
calls=2 -67 
* 68
* 2
+1 2
-1 2
+1 6

fl=(49) /usr/src/debug/glibc-2.17-c758a686/elf/dl-cache.c
fn=(192) _dl_unload_cache
316 4
+5 1

fl=(13) /usr/src/debug/glibc-2.17-c758a686/elf/dl-environ.c
fn=(28) _dl_next_ld_env_entry
30 3
+3 11
+2 84
+11 40
-13 120
-2 1
+19 1
-14 20
+5 2
-3 2
+3 2
+2 2

fl=(11) /usr/src/debug/glibc-2.17-c758a686/elf/../misc/sbrk.c
fn=(22) sbrk
34 4
+8 6
+4 2
+11 5

fl=(50) /usr/src/debug/glibc-2.17-c758a686/elf/dl-init.c
fn=(196) _dl_init
90 10
+5 1
-4 1
-1 1
+2 1
+3 2
+7 6
+28 3
+1 4
-97 3
+97 12
-97 9
+9 3
-3 6
+3 9
+5 6
+5 2
+8 2
+2 2
+4 4
cob=(3) /usr/lib64/libc-2.17.so
cfi=(52) /usr/src/debug/glibc-2.17-c758a686/csu/../csu/init-first.c
cfn=(218) _init
calls=1 -15 
* 165
+4 1
+1 2
+6 2
+2 2
-2 1
+3 6
+1 4
cob=(3)
cfi=(57) /usr/src/debug/glibc-2.17-c758a686/libio/vtables.c
cfn=(228) check_stdfiles_vtables
calls=1 -1 
* 11
* 4
cob=(3)
cfi=(58) /usr/src/debug/glibc-2.17-c758a686/string/../sysdeps/x86_64/cacheinfo.c
cfn=(230) init_cacheinfo
calls=1 478 
* 2696
* 2
-1 7
+49 8
+4 1
+1 8
-86 4
-15 3
+9 1
-3 2
+3 3
+5 3
+5 2
+8 2
+2 2
+4 5
cob=(2)
cfi=(16)
cfn=(198) 0x0000000004a24448
calls=1 -67 
* 29
* 1
+4 1
+1 2
+26 2
-54 3

fl=(27) /usr/src/debug/glibc-2.17-c758a686/elf/dl-debug.c
fn=(84) _dl_debug_initialize
51 8
+5 6
+5 2
-1 1
+1 2
+1 2
-1 2
-9 4
+4 8
+4 1
-1 1
-59 4

fn=(88) _dl_debug_state
75 2

fl=(33) /usr/src/debug////////glibc-2.17-c758a686/io/../sysdeps/unix/syscall-template.S
fn=(108) open
81 20
+1 2
+1 15

fn=(126) access
81 4
+2 5

fn=(110) read
81 8
+1 2

fn=(124) close
81 8
+1 2

fl=(30) /usr/src/debug/glibc-2.17-c758a686/elf/dl-error.c
fn=(94) _dl_catch_error
159 21
+9 3
+2 3
cfi=(2)
cfn=(96) _dl_initial_error_catch_tsd
calls=3 747 
* 6
* 3
+1 3
+2 6
-2 3
+2 3
cfi=(31) /usr/src/debug////////glibc-2.17-c758a686/setjmp/../sysdeps/x86_64/setjmp.S
cfn=(98) __sigsetjmp
calls=3 26 
* 60
+1 6
+2 6
+1 6
-1 3
+1 3
cfi=(37) /usr/src/debug/glibc-2.17-c758a686/elf/dl-deps.c
cfn=(132) openaux
calls=2 60 
* 5633
cfi=(2)
cfn=(100) map_doit
calls=1 579 
* 2686
+1 3
+4 3
-4 3
+1 6
+1 6
+1 6
+10 12

fn=(140) _dl_receive_error
197 10
+1 1
cfi=(2)
cfn=(96)
calls=1 747 
* 2
+5 1
-1 1
-4 1
+9 1
+2 1
-3 1
+3 1
cfi=(2)
cfn=(142) version_check_doit
calls=1 611 
* 2316
+2 1
+1 1
+1 8

fl=(12) /usr/src/debug/glibc-2.17-c758a686/elf/dl-tunables.c
fn=(26) _dl_process_tunable_env_entries
37 1
-8 1
+8 1
+1 4
+4 87
+1 1
-1 4
+3 2
+12 42
-19 126
+22 2

fl=(28) /usr/src/debug/glibc-2.17-c758a686/elf/../elf/dl-tls.c
fn=(188) _dl_allocate_tls_init
443 7
+1 1
-1 1
+1 1
+4 1
+6 2
-6 2
+6 2
+12 1
-15 1
-1 2
+21 6
+6 12
+3 1
+1 2
+7 1
+2 1
-2 2
+2 3
+1 1
+3 2
-1 2
+18 1
-2 1
-8 1
+8 2
-8 1
+8 1
cfi=(18)
cfn=(68)
calls=1 61 
* 23
* 4
cfi=(26) /usr/src/debug////////glibc-2.17-c758a686/string/../sysdeps/x86_64/rtld-memset.S
cfn=(82) memset
calls=1 30 
* 150
* 2
-38 3
+52 2
+2 1
+1 8

fn=(186) _dl_add_to_slotinfo
879 6
+6 1
+3 2
+5 5
+41 1
+1 3
+1 6

fn=(152) _dl_determine_tlsoffset
144 1
+34 1
-34 1
+34 2
-45 1
+1 1
+2 1
-3 1
+2 1
-2 1
+43 1
-43 2
+50 1
-1 1
+5 2
-4 1
-1 1
+7 1
-7 1
+3 2
+2 1
+2 1
-2 2
+16 5
+2 1
+1 1
-1 2
+4 1
+6 1
-12 1
-25 5
+40 1
+53 4
-1 1
+1 3
-52 1
+52 1

fn=(154) _dl_allocate_tls_storage
349 1
+13 1
-13 2
+2 1
+11 2
cfi=(17)
cfn=(44) __libc_memalign
calls=1 51 
* 78
* 1
+1 1
-1 1
+1 1
+7 1
+4 306
-58 1
+1 1
-1 1
+1 2
cfi=(17)
cfn=(36)
calls=1 102 
* 43
* 1
+1 2
+9 1
-6 1
+6 1
+64 5

fn=(86) _dl_count_modids
111 2
+1 2

fn=(138) _dl_next_tls_modid
52 3
+48 2
+4 1

fl=(17)
fn=(80) free
121 8
-2 16
+2 8
+7 14
-3 4
cfi=(26)
cfn=(82)
calls=1 -95 
* 13
+1 1
+2 2

fn=(44)
51 124
+1 153
+11 30
+1 30
-1 30
+3 30
-3 30
+3 60
-3 1
+1 1
-1 1
+3 1
-3 1
+3 114
+4 12
+1 9
+6 21
cfi=(35) /usr/src/debug/glibc-2.17-c758a686/misc/../sysdeps/unix/sysv/linux/wordsize-64/mmap.c
cfn=(118) mmap
calls=3 -45 
* 99
+2 15
+4 9
+3 3
+1 3
+2 15
-3 28
+1 28
+2 224
-31 3
+1 1
-2 3

fn=(72) strsep
337 7
+1 14
+4 188
+7 444
-2 306
+4 10
+6 74
-15 223
+18 1
+4 1
-4 5
+4 6
-11 10
+1 5

fn=(36)
102 8
+7 24
-3 8
+3 16
+4 8
cfn=(40)
calls=8 -20 
* 373
* 8

fn=(40)
93 30
+1 60
cfn=(44)
calls=30 -43 
* 1001
* 30

fl=(35)
fn=(118)
32 8
+1 8
-1 72
+1 20
+1 80
+2 56
-3 18

fl=(39) /usr/src/debug/glibc-2.17-c758a686/elf/dl-version.c
fn=(146) _dl_check_map_versions
174 36
+15 4
-15 8
+15 8
+2 4
+3 4
-3 4
+2 4
+1 4
+2 4
-3 4
+3 4
+3 8
+4 12
+17 2
56 2
220 2
56 2
220 2
56 10
+1 5
-1 10
+2 21
cfi=(32) /usr/src/debug/glibc-2.17-c758a686/elf/dl-misc.c
cfn=(104) _dl_name_match_p
calls=7 304 
* 510
* 16
228 6
+5 16
+20 1
-16 38
cfn=(148) match_symbol
calls=1 76 
* 135
* 6
cfn=(148)
calls=2 76 
* 302
* 3
+8 12
+3 13
+9 8
-74 2
-8 2
+96 12
+3 6
+10 25
-7 100
+3 75
-3 8
+3 6
+8 4
+86 4
-86 4
+87 8
-81 12
cfi=(17)
cfn=(36)
calls=3 102 
* 129
* 3
+1 3
-2 3
+2 3
+11 3
-3 3
+3 6
+2 9
+3 8
+4 6
+18 1
-15 3
+2 3
-2 6
+2 6
+2 3
+1 3
-1 6
+1 3
-1 3
+1 3
+1 3
-2 3
+2 6
+1 9
+3 9
+8 6
+10 9
+3 8
+20 25
-14 25
-2 25
+2 27
-2 2
+2 2
+4 25
+2 25
-1 50
+1 25
-1 75
+1 25
+1 25
+3 81
+10 3
-1 3
+1 21

fn=(148)
76 33
+9 3
-8 3
-1 6
+1 3
+8 3
+6 9
+18 6
+5 6
+14 20
+12 21
+4 7
-30 14
+16 3
+3 12
cfi=(19) /usr/src/debug////////glibc-2.17-c758a686/string/../sysdeps/x86_64/strcmp.S
cfn=(54) strcmp
calls=3 -1 
* 258
* 6
+35 24

fn=(144) _dl_check_all_versions
381 6
+4 4
-2 2
+4 28
cfn=(146)
calls=4 174 
* 2231
-2 4
+2 12
-1 4
-1 8
+5 7

fl=(1) ???
fn=(0) 0x0000000000001120
0 2
cfi=(2)
cfn=(2) _dl_start
calls=1 430 
0 109934
0 14
cfi=(50)
cfn=(196)
calls=1 90 
0 3072
0 3
cob=(5)
cfi=(60)
cfn=(242)
calls=1 0 
0 64687

fl=(6) /usr/src/debug/glibc-2.17-c758a686/elf/dl-lookup.c
fn=(164) do_lookup_x
82 828
+1 92
-6 92
+5 276
-5 644
+11 92
+1 92
233 92
-3 92
+3 92
-3 276
98 92
-3 92
+1 92
+2 92
+3 92
-3 92
+3 92
-3 196
-3 196
+1 196
+2 196
+3 196
-3 196
+3 196
+4 576
+4 576
+4 576
+7 864
+4 576
+1 864
226 288
+1 576
+4 392
-2 196
+5 784
+4 392
-1 392
+1 196
-1 392
+21 107
+24 398
462 1152
+1 140
cfi=(32)
cfn=(104)
calls=28 304 
* 1190
* 168
+3 597
+3 6
287 656
+4 220
+13 89
+1 89
-1 89
+1 89
+1 89
470 736
241 380
-1 190
+2 190
+2 285
+10 297
-7 940
+2 178
+1 356
-1 534
+1 267
cfn=(168) check_match.9524
calls=89 132 
* 13651
+1 445
+11 368
+6 460
+2 736
-2 184
+2 184
-2 184
+4 1288
cfn=(168)
calls=184 132 
* 4048
+1 920
-10 92
fi=(41) /usr/src/debug/glibc-2.17-c758a686/elf/../sysdeps/generic/dl-hash.h
32 92
-1 92
+1 460
+2 184
+1 276
+2 184
+1 276
+2 184
+1 276
+2 87
+1 87
-1 87
+2 261
+3 2232
+1 1488
+13 1488
-17 2232
+22 522
fe=(6)
263 174
fi=(41)
67 25
fe=(6)
263 10

fn=(10) _dl_setup_hash
865 12
+4 3
+4 6
+2 3
-1 3
+4 3
+4 3
-4 3
+1 6
+2 3
-2 3
+3 3
+2 3
+1 3
+1 12
+1 3
+3 3
+2 1
+2 1
+2 1
+1 1
+1 1
-4 1
+4 2

fn=(162) _dl_lookup_symbol_x
716 1104
477 92
716 184
477 276
-1 184
+2 92
-1 92
+1 276
-1 276
+1 1107
-1 1107
+1 3321
-1 3505
718 92
+4 92
+9 92
-13 92
+15 92
-14 184
+14 92
-2 92
+6 736
+2 1196
cfn=(164)
calls=92 82 
* 55033
+3 184
+3 3
-8 12
-7 184
+40 184
+24 89
+1 623
+26 89
+9 445
+14 267
+3 356
+5 89
+2 736
-82 21
+18 3
+1 6
+54 2

fn=(168)
132 1911
+1 546
+2 546
+2 267
-2 178
+12 267
+3 246
cfi=(19)
cfn=(54)
calls=17 -18 
* 1378
* 34
+5 89
-1 89
+1 89
-1 89
+1 89
+2 176
+19 176
+1 704
+46 534
-18 2
+2 2
+1 4
-1 2
+1 1
-1 2
+16 1104
-45 264
cfi=(19)
cfn=(54)
calls=88 -46 
* 7638
* 352
-43 368
+81 552

fl=(26)
fn=(82)
30 7
+1 7
+1 7
+1 2076
+1 7
+1 7

fl=(21) /usr/src/debug/glibc-2.17-c758a686/elf/../sysdeps/unix/sysv/linux/dl-sysdep.c
fn=(60) _dl_discover_osversion
45 7
+2 3
+85 8
-45 3
cfi=(22)
cfn=(62)
calls=1 -6 
* 5
* 1
+15 1
-15 1
+20 1
-1 1
+3 12
+4 3
-2 6
+2 10
+2 1
+1 2
-3 4
+7 3
-1 3
+4 3
-2 3
+2 10
+5 2

fl=(23) /usr/src/debug/glibc-2.17-c758a686/elf/dl-load.c
fn=(70) fillin_rpath
504 7
+2 1
-2 9
+4 3
cfi=(17)
cfn=(72)
calls=1 337 
* 115
* 18
cfi=(17)
cfn=(72)
calls=6 337 
* 1179
* 21
+4 6
+3 6
-4 6
+4 6
+27 90
+1 50
cfi=(14)
cfn=(30)
calls=2 309 
* 170
* 4
+7 2
+50 12
cob=(2)
cfi=(16)
cfn=(78) 0x0000000004000ac0
calls=6 0 
* 60
* 6
-39 10
+4 15
+1 15
-1 5
+1 5
-2 5
cfi=(17)
cfn=(40)
calls=5 93 
* 170
* 5
+3 5
-3 5
+3 15
+5 5
+1 15
-2 5
+2 5
cfi=(18)
cfn=(68)
calls=5 61 
* 123
+3 5
-3 5
+3 5
-2 5
+2 5
+1 1
+5 4
+1 2
-1 16
+1 68
+1 50
+3 5
-1 10
+1 5
+7 5
+1 5
+3 15
-81 18
cfn=(74) expand_dynamic_string_token
calls=6 -83 
* 1212
+3 6
-3 6
+3 6
+5 12
cfi=(10)
cfn=(20)
calls=6 26 
* 228
+1 12
+7 36
+5 24
+17 2
+6 10
+43 1
+3 9
-57 3
-17 12
+59 10

fn=(106) open_verify
1684 50
+36 5
-36 10
+36 10
+21 20
cfi=(33)
cfn=(108)
calls=5 81 
* 37
+1 5
-1 5
+1 5
+11 2
+1 4
+5 12
cfi=(33)
cfn=(110)
calls=2 81 
* 10
+2 4
+2 2
+2 2
-2 2
+2 2
-2 2
+8 4
+16 10
cfi=(14)
cfn=(30)
calls=2 309 
* 173
* 4
+2 2
-2 4
+4 8
cfi=(14)
cfn=(30)
calls=2 309 
* 160
-4 4
+60 4
+5 4
+3 8
+5 4
+7 10
+1 8
+1 2
+15 8
1747 4
1884 88
+1 34
+4 6
+1 2
-1 2
+29 2
+1 2
+2 2
-3 2
+1 2
-1 2
+1 2
-2 2
+4 4
+5 1
+1 1
-13 4
cfi=(14)
cfn=(30)
calls=1 309 
* 73
* 8
cfi=(14)
cfn=(30)
calls=2 309 
* 160
* 6
+16 2
+6 1
-3 1
+1 1
+1 1
+1 2
+11 4
cob=(2)
cfi=(16)
cfn=(78)
calls=2 0 
* 14
* 2
+4 19
1732 3
1951 23
-14 3
-4 1
+1 1
+1 1
-1 3
-1 1
+4 2
1787 4
cfi=(14)
cfn=(30)
calls=1 309 
* 88
* 2

fn=(74)
434 56
285 14
434 7
285 7
cfi=(25)
cfn=(76)
calls=7 38 
* 521
+3 7
-3 7
+3 7
161 14
cfi=(10)
cfn=(20)
calls=7 26 
* 390
* 7
+1 14
cfi=(17)
cfn=(40)
calls=7 -69 
* 238
* 7
+2 14
459 7
167 14
459 42
167 14
cfi=(18)
cfn=(46)
calls=7 61 
* 206

fn=(134) open_path
1965 8
+1 1
-1 5
+7 1
-7 1
+1 1
+6 2
+5 17
+74 1
-74 1
-7 1
-1 1
+82 1
-22 1
-52 1
+52 4
-40 1
-9 1
+9 1
+7 4
cfi=(18)
cfn=(68)
calls=1 61 
* 26
+1 1
-1 1
+1 3
-13 2
+33 8
+1 1
+23 1
+2 3
-46 5
+3 8
+4 32
cfi=(18)
cfn=(68)
calls=4 61 
* 85
* 16
cfi=(18)
cfn=(68)
calls=4 61 
* 92
* 4
+3 4
+3 8
+3 28
cfn=(106)
calls=4 1684 
* 748
* 4
+2 12
+7 6
+1 27
+6 6
+2 9
-2 3
+2 3
cfi=(38) /usr/src/debug/glibc-2.17-c758a686/io/../sysdeps/unix/sysv/linux/wordsize-64/xstat.c
cfn=(136) _xstat
calls=3 35 
* 36
* 6
+1 1
+2 1
-2 1
+2 8
+7 2
-44 2
+37 4
+7 4
-44 4
2105 2
-37 2
cfi=(17)
cfn=(40)
calls=1 93 
* 34
* 1
* 1
+1 1
-1 1
+1 1
+2 4
cfi=(18)
cfn=(46)
calls=1 61 
* 27
+35 1
-34 1
+34 9
-72 4

fn=(102) _dl_map_object
2114 3
+12 6
-12 3
+12 3
-12 27
+12 3
-12 6
+12 6
+12 12
-12 18
+5 21
+1 14
+2 21
cfi=(32)
cfn=(104)
calls=7 304 
* 492
* 15
2419 24
2161 4
+11 8
-56 4
+92 4
-2 2
+2 2
cfi=(25)
cfn=(76)
calls=2 38 
* 112
* 4
2350 5
cfn=(74)
calls=1 434 
* 381
+1 1
-3 1
+4 1
-1 2
+4 6
cfn=(106)
calls=1 1684 
* 446
+3 1
-3 1
+3 1
+12 6
+2 4
+44 2
+1 14
-1 2
+1 10
cfn=(112) _dl_map_object_from_fd
calls=2 919 
* 5019
* 2
2212 2
cfi=(10)
cfn=(20)
calls=1 26 
* 63
* 1
+2 1
-2 1
+2 1
+7 4
+35 2
+1 15
cfn=(134)
calls=1 1965 
* 1358
* 3
+6 6
+8 2
+71 2
-97 5
+1 7
716 1
2247 1
716 2
2225 1
+8 5
-7 2
-1 1
+8 8
-3 3
716 1
2231 1
716 2
2139 18
+3 2
+2 2
-1 4
+1 2
cfi=(19)
cfn=(54)
calls=2 132 
* 21
* 4

fn=(130) _dl_dst_count
282 2
+3 2
-3 8
+3 2
cfi=(25)
cfn=(76)
calls=2 38 
* 170
+3 2
-3 2
+3 2
+1 2
+19 12

fn=(64) _dl_init_paths
739 1
+13 2
-13 8
+13 3
cfi=(24) /usr/src/debug/glibc-2.17-c758a686/elf/dl-hwcaps.c
cfn=(66) _dl_important_hwcaps
calls=1 39 
* 346
+5 1
-5 1
+5 1
cfi=(17)
cfn=(40)
calls=1 93 
* 34
* 1
+1 1
-1 1
-1 1
+2 1
+8 1
-1 1
+1 1
-1 4
+5 4
cfi=(17)
cfn=(40)
calls=1 93 
* 34
* 1
+2 1
-2 1
-1 1
+3 1
+7 1
+10 1
+9 1
-20 1
+12 1
-1 1
+3 1
+1 1
-1 1
+6 9
+1 10
+2 2
-12 1
+12 1
-14 1
+2 1
+3 1
-2 1
+3 1
-1 8
+1 3
+6 11
-1 2
+14 1
-11 1
+6 1
+1 1
+5 2
+4 3
+32 4
-16 1
-2 1
+2 2
+18 2
cfi=(10)
cfn=(20)
calls=1 26 
* 132
* 20
cfi=(18)
cfn=(46)
calls=1 61 
* 90
+5 1
-5 1
+5 3
-1 2
+2 1
+1 3
-2 4
+1 78
+1 234
-2 313
+5 1
cfi=(17)
cfn=(40)
calls=1 93 
* 34
* 1
+1 1
-2 1
+2 1
+6 7
cfn=(70)
calls=1 504 
* 3997
+3 3
+6 1
+4 8
-37 2
-46 2

fn=(112)
919 22
+11 2
-11 2
+11 2
-11 6
+11 2
cfi=(27)
cfn=(84)
calls=2 51 
* 16
+4 6
-4 2
+4 2
cfi=(34) /usr/src/debug/glibc-2.17-c758a686/io/../sysdeps/unix/sysv/linux/wordsize-64/fxstat.c
cfn=(116) _fxstat
calls=2 35 
* 20
* 4
+11 14
+1 6
-1 15
+1 20
476 2
1636 16
963 4
+25 4
+10 4
+22 2
-89 2
+89 6
+35 14
cfi=(15)
cfn=(32)
calls=2 62 
* 1065
+1 2
-1 2
+1 2
+11 4
+5 2
-5 2
+1 4
+1 2
+2 2
-2 2
+2 8
+1 6
+1 2
+24 38
+8 2
-8 4
+8 2
-8 6
+8 2
+99 2
1098 2
1204 2
1099 2
-11 2
1204 4
+8 8
1106 28
-1 128
+1 96
+6 4
+1 6
+1 2
+9 20
+6 8
+1 4
-1 16
+7 16
+11 4
+2 4
-1 4
+4 4
-5 4
+1 4
-1 8
+2 4
-1 4
+2 4
+3 4
+4 4
-9 4
+2 4
+1 4
+1 4
+1 4
+4 4
+1 6
+5 4
-16 2
+16 10
+10 2
-10 4
-16 2
+16 10
+10 2
+3 3
+5 1
-1 1
+3 1
-1 1
-1 1
+1 1
+3 3
+1 2
+3 2
+4 4
+6 1
cfi=(28)
cfn=(138)
calls=1 52 
* 6
* 2
+1 1
+60 2
+1 3
+1 1
-6 4
+1 2
1117 2
+1 5
1265 6
+13 16
+2 4
+14 2
+5 12
cfi=(35)
cfn=(118)
calls=2 32 
* 70
+4 2
-4 2
+4 2
+7 2
+1 2
-1 2
+1 2
+2 2
-3 2
+1 2
+2 2
+10 2
+2 2
+33 12
+1 6
+2 8
+8 16
+6 2
+2 2
-2 2
+1 2
+2 2
-1 2
+1 2
-1 6
+8 4
+3 4
+11 14
cfi=(26)
cfn=(82)
calls=2 30 
* 1916
+1 10
+5 4
+15 4
-74 20
+2 8
+2 16
cfi=(35)
cfn=(118)
calls=2 32 
* 62
* 4
1068 2
1424 8
+9 4
fi=(3) /usr/src/debug/glibc-2.17-c758a686/elf/get-dynamic-info.h
38 2
fe=(23)
1433 2
fi=(3)
38 2
+6 2
-2 2
+2 4
+7 2
+5 2
+3 2
-1 2
-3 2
-3 40
+10 9
-18 27
+8 31
+10 31
-18 93
+18 2
-18 6
+2 84
+5 44
+2 8
+16 4
+20 7
+1 8
+1 8
+1 8
+2 8
+5 8
+1 7
+1 8
+35 6
+5 1
+2 1
-2 1
+2 1
+2 2
+2 2
+1 1
+2 6
+10 2
-8 4
+9 4
-1 2
+5 4
+1 2
+2 4
fe=(23)
1439 4
+16 6
+19 4
+2 10
+51 6
+1 2
+3 2
cfi=(33)
cfn=(124)
calls=1 81 
* 5
* 2
cfi=(33)
cfn=(124)
calls=1 81 
* 5
* 4
+8 10
+3 6
+2 2
-2 2
+2 2
+16 4
cfi=(6)
cfn=(10)
calls=2 865 
* 46
+4 4
+1 4
+17 4
+1 1
+3 1
+6 1
-6 1
+1 2
+5 1
-6 1
+6 1
-6 1
+1 2
+5 1
+10 4
+10 6
cfi=(15)
cfn=(48)
calls=2 33 
* 84
+4 6
fi=(3)
56 8
fe=(23)
1320 2
-1 10
cfi=(36) /usr/src/debug////////glibc-2.17-c758a686/misc/../sysdeps/unix/syscall-template.S
cfn=(120) mprotect
calls=2 81 
* 10
* 2
fi=(3)
59 8
+1 2
+1 8
fe=(23)
1362 5
+2 1
-1 3
+1 2
-1 1
+1 2
-1 2
+3 4
+43 8
cfi=(35)
cfn=(118)
calls=1 32 
* 31
+3 2
1539 4

fl=(32)
fn=(104)
304 210
+1 84
cfi=(19)
cfn=(54)
calls=42 132 
* 301
* 42
+1 42
-1 42
+3 42
+2 84
+4 43
-4 86
+1 138
cfi=(19)
cfn=(54)
calls=46 132 
* 734
* 92
-5 3
+11 54
-1 39
+1 156

fl=(8) /usr/src/debug/glibc-2.17-c758a686/elf/../sysdeps/unix/sysv/linux/x86_64/brk.c
fn=(14) brk
31 1
-3 1
+3 6
+8 1
-6 2
+7 1

fl=(9) /usr/src/debug/glibc-2.17-c758a686/elf/../sysdeps/x86/cpu-features.c
fn=(18) init_cpu_features.constprop.0
39 1
+7 1
-7 5
+7 1
-7 1
+10 1
-3 1
+3 5
188 2
+1 7
+7 3
307 1
+1 1
+1 1
+1 8
60 1
-31 2
+4 1
-4 1
+5 1
-1 1
+31 1
-30 1
+30 1
-31 1
+27 2
-26 1
+30 1
+1 1
-36 2
+3 1
+28 1
+5 1
+5 1
-17 1
+17 1
+3 1
+1 7
+67 5
-88 2
+78 3

fl=(36)
fn=(120)
81 16
+1 4

fl=(62) /usr/src/debug/glibc-2.17-c758a686/elf/../elf/dl-runtime.c
fn=(252) _dl_fixup
66 10
+6 10
-6 5
+3 5
-1 5
+1 5
+3 5
+1 5
-1 10
+1 15
+1 5
-1 5
+1 10
+9 10
+4 15
+4 10
+1 20
+2 20
+7 15
-1 5
+11 45
cfi=(6)
cfn=(162)
calls=5 716 
* 4171
* 5
+4 15
+10 30
+16 5
-8 5
+8 15
+4 15
fi=(5) /usr/src/debug/glibc-2.17-c758a686/elf/../sysdeps/x86_64/dl-machine.h
+88 5
fe=(62)
-84 15

fl=(2)
fn=(50)
787 8

fn=(90) handle_ld_preload
840 9
+1 1
-76 1
+86 1
-11 2
-75 6
+80 3
fi=(29) /usr/src/debug/glibc-2.17-c758a686/elf/../string/bits/string2.h
984 3
+1 5
-1 252
+1 126
+1 63
-2 63
+2 63
-2 190
+2 1
-2 3
fe=(2)
849 3
+10 4
108 3
862 2
760 1
+5 5
-10 1
+4 1
+1 1
+1 1
+2 1
+2 1
cfi=(30)
cfn=(94)
calls=1 159 
* 2744
+1 2
+8 3
+89 1
-18 3
+21 9
-15 4
cfi=(18)
cfn=(46)
calls=1 61 
* 76
* 1
+1 3

fn=(100)
579 2
+2 7
cfi=(23)
cfn=(102)
calls=1 2114 
* 2674
* 1
+2 2

fn=(96)
747 8

fn=(150) init_tls
678 1
-1 1
-6 1
+2 2
+4 1
+10 2
-4 1
+4 2
cfi=(17)
cfn=(36)
calls=1 102 
* 91
* 1
-1 1
+6 1
-9 1
+11 1
+6 1
-1 1
+1 10
+2 8
+4 1
+2 1
-2 2
-5 8
+12 1
cfi=(28)
cfn=(152)
calls=1 144 
* 56
+7 1
cfi=(28)
cfn=(154)
calls=1 349 
* 455
+1 1
-1 1
+1 1
+6 1
+4 1
-4 1
+4 6
+3 2
+3 2

fn=(52)
793 8

fn=(24) dl_main
875 10
+19 1
2464 1
875 1
2464 1
875 1
+19 1
+3 1
-22 2
+22 1
+4 2
+1 2
+5 2
2457 2
+7 1
-5 1
+5 4
+5 1
cfi=(12)
cfn=(26)
calls=1 37 
* 271
* 1
-9 4
+11 2
cfi=(13)
cfn=(28)
calls=1 30 
* 124
* 4
cfi=(13)
cfn=(28)
calls=2 30 
* 164
* 9
+4 48
+1 19
-1 57
+3 4
+6 16
2632 3
+30 3
915 2
-2 1
+2 1
1111 7
cfi=(15)
cfn=(32)
calls=1 62 
* 244
* 1
+3 1
+1 1
+5 2
-5 1
+1 1
884 1
1116 1
+4 1
cfi=(15)
cfn=(48)
calls=1 33 
* 34
* 3
+30 1
-3 1
-5 1
+1 1
+2 1
+5 6
+56 2
881 1
1206 2
-55 24
-1 24
+1 39
-1 2
1253 3
+3 2
+2 2
+2 2
+13 2
+1 8
cfi=(19)
cfn=(54)
calls=1 132 
* 7
* 3
+11 1
-4 1
+1 1
-3 1
+6 1
+6 2
fi=(3)
29 1
+9 2
+6 1
-2 1
+2 2
+7 1
+5 1
+3 1
+2 1
-3 1
-3 1
-3 14
+10 3
-18 9
+8 16
+10 16
-18 48
+2 38
+5 12
+18 3
+67 3
+14 3
+18 2
fe=(2)
1296 2
cfi=(6)
cfn=(10)
calls=1 865 
* 14
+3 2
fi=(20) /usr/src/debug/glibc-2.17-c758a686/elf/setup-vdso.h
24 2
fe=(2)
1321 1
cfi=(21)
cfn=(60)
calls=1 45 
* 93
* 8
1155 3
+1 1
+86 2
+1 1
-37 2
-1 2
+1 4
-1 2
+2 4
+1 1
+3 2
+1 2
-1 2
+1 2
+1 2
+1 6
+1 2
-45 1
+9 1
-9 1
+9 1
-7 1
+25 1
-25 1
-3 1
+10 1
-19 3
+1 1
2559 4
+1 4
cfi=(14)
cfn=(30)
calls=1 309 
* 120
* 2
+2 3
-57 4
cfi=(14)
cfn=(30)
calls=1 309 
* 26
* 2
+7 4
cfi=(14)
cfn=(30)
calls=1 309 
* 80
* 2
+2 3
1326 2
cfi=(23)
cfn=(64)
calls=1 739 
* 5473
+3 3
cfi=(27)
cfn=(84)
calls=1 51 
* 17
+7 1
-7 1
+2 1
+5 1
+3 3
+1 1
+3 1
-3 3
+1 2
+3 1
+5 1
-7 1
+7 1
+1 5
+4 1
+4 1
-2 4
+1 2
+1 3
+5 2
+1 6
+2 2
+1 2
+5 2
+6 4
+1 2
-2 1
890 1
1558 1
cfi=(28)
cfn=(86)
calls=1 111 
* 4
* 1
+8 3
+3 2
+4 3
+7 1
+4 3
+19 3
+16 3
cfi=(33)
cfn=(126)
calls=1 81 
* 9
* 2
+77 4
+17 3
+1 1
-1 1
+1 2
-1 1
+1 5
cfi=(37)
cfn=(128) _dl_map_object_deps
calls=1 147 
* 7309
+1 1
+5 1
-5 3
+2 2
+3 4
+1 4
-1 2
+1 12
-1 6
+4 3
+1 3
+1 1
+2 2
+1 5
-1 4
+1 4
-1 6
-28 11
168 2
1742 1
-1 2
+1 1
+2 1
+2 3
+2 1
-4 1
+4 2
+15 2
+1 3
+13 1
-2 1
+2 1
-2 1
+2 1
-1 1
-1 2
+2 1
cfi=(30)
cfn=(140)
calls=1 197 
* 2346
+10 1
+1 1
-1 1
+1 1
+1 1
cfn=(150)
calls=1 678 
* 668
* 1
+2 2
802 1
fi=(93) /usr/src/debug/glibc-2.17-c758a686/elf/../sysdeps/unix/sysv/linux/dl-osinfo.h
86 2
fe=(2)
804 1
fi=(93)
112 1
fe=(2)
813 1
+7 1
-5 1
1796 2
2029 3
+56 1
+4 1
+7 1
-11 1
+4 3
+4 2
+3 1
+8 2
+99 4
+2 1
+5 2
cfi=(28)
cfn=(188)
calls=1 443 
* 254
+4 2
+12 2
+29 1
cfi=(7) /usr/src/debug/glibc-2.17-c758a686/elf/../elf/dl-sysdep.c
cfn=(190) _dl_sysdep_start_cleanup
calls=1 251 
* 1
+4 3
+20 3
cfi=(27)
cfn=(84)
calls=1 51 
* 8
+1 1
-1 1
+2 1
cfi=(27)
cfn=(88)
calls=1 75 
* 1
+1 1
+4 1
cfi=(49)
cfn=(192)
calls=1 316 
* 5
+5 8
1315 3
1605 3
+1 1
-1 2
+1 1
cfn=(90)
calls=1 840 
* 3662
* 1
+1 4
+2 3
-31 2
+1 1
cfi=(27)
cfn=(88)
calls=1 75 
* 1
* 1
2226 2
+15 1
+3 1
-3 1
+3 1
-3 2
+3 2
-3 1
+2 1
+1 1
cfi=(40) /usr/src/debug/glibc-2.17-c758a686/elf/dl-reloc.c
cfn=(156) _dl_relocate_object
calls=1 148 
* 6994
+1 4
+2 3
2079 1
883 2
1739 2
2150 3
+7 1
+2 11
+2 1
+2 12
+5 8
+2 8
+8 4
-2 4
+2 8
+1 24
cfi=(40)
cfn=(156)
calls=3 148 
* 79646
+4 14
-22 12
+25 4
+2 1
+6 1
-6 1
+6 1
1700 6
+1 1
-1 2
+4 1
+1 1
-1 1
+2 2
2172 1
+1 1
-3 2
+14 2
cfi=(28)
cfn=(186)
calls=1 879 
* 24
* 1

fn=(142)
611 2
+2 4
cfi=(39)
cfn=(144)
calls=1 381 
* 2306
* 2
+4 2

fn=(2)
430 9
+18 4
fi=(3)
44 1
fe=(2)
448 1
fi=(5)
59 3
fi=(3)
-15 1
fe=(2)
474 1
-3 1
fi=(3)
44 1
+17 2
-3 1
-7 1
+5 1
+3 1
+2 1
-3 1
-3 1
-3 2
-5 28
+15 14
-18 42
+18 1
-18 3
+2 40
+5 24
+1 20
+10 5
-18 15
+25 2
+20 4
+1 4
+1 4
+1 4
+2 4
+5 4
+1 4
+1 4
fe=(2)
496 34
fi=(4) /usr/src/debug/glibc-2.17-c758a686/elf/do-rel.h
111 1
-28 1
+28 2
fi=(5)
498 3
fi=(4)
111 2
fi=(5)
498 1
fi=(4)
111 1
fi=(5)
498 27
fi=(4)
111 18
fi=(5)
498 9
fi=(4)
111 9
+13 1
fi=(5)
310 1
fi=(4)
124 2
+13 1
+2 2
-2 1
fi=(5)
264 1
fi=(4)
137 1
fi=(5)
292 1
fi=(4)
137 2
fi=(5)
292 1
fi=(4)
137 7
+2 14
-2 7
fi=(5)
264 7
fi=(4)
137 7
fi=(5)
292 7
fi=(4)
137 14
fi=(5)
292 7
+9 16
+3 8
-3 16
+3 24
+6 48
fi=(3)
53 4
+3 4
+3 4
+1 1
+1 2
fe=(2)
378 1
498 1
378 1
cfi=(6)
cfn=(10)
calls=1 865 
* 23
+1 2
+1 2
+1 2
+1 2
+9 1
+9 1
-9 3
+9 1
-6 1
-3 1
+9 1
cfi=(7)
cfn=(12) _dl_sysdep_start
calls=1 86 
* 109254
* 1
+9 4
+3 1
+4 1
-4 1
+4 1
523 9
fi=(5)
399 8
+9 8
fi=(4)
124 25
fe=(2)

fl=(38)
fn=(136)
35 3
-1 3
+1 3
+1 18
+4 1
-4 8

fl=(18)
fn=(46)
61 18
+2 18
+2 18
+3 17
+1 17
+2 7
+1 7
+2 7
+1 7
+5 7
+1 7
-1 10
+1 10
+2 5
+1 5
+2 5
+1 10
+5 5
+1 5
-1 12
+1 12
+2 4
+1 4
+2 4
+1 4
+5 4
+1 4
-1 13
+1 13
+2 7
+1 7
+2 7
+1 7
+5 7
+1 7
-1 10
+1 17
+5 7
+1 7
+1 7
+1 7
+2 7
+2 7
+1 7
+2 7
+8 17
+8 5
+6 5
+2 5
+1 5
+3 2
+1 6
+5 2
+1 2
+2 2
+2 2
+1 2
+2 2
-8 3
+1 3
+2 3
+2 3
+1 3
+2 7
+9 2
+1 2
-1 3
+1 3
+3 5
+1 5
+1 5
+5 5
+2 5
+1 5
+1 5
+1 5
+2 5
+1 5
+1 5
+1 5
+2 5
+1 5
+2 5
+2 3
+2 3
+1 3
+1 3
+1 3
+2 3
+1 3
+1 3
+1 3
+2 3
+1 3
+2 9
+5 3
+6 3
+1 3
-7 2
+6 2
+1 2
+2 1

fn=(68)
61 19
+4 19
+3 19
+1 19
+2 7
+1 7
+2 7
+1 7
+5 7
+1 7
-1 12
+1 12
+2 11
+1 11
+2 11
+1 11
+5 11
+1 11
-1 8
+1 8
+2 5
+1 5
+2 5
+1 5
+5 5
+1 5
-1 14
+1 14
+2 7
+1 7
+2 7
+1 14
+5 7
+1 7
-1 12
+1 17
+5 5
+1 5
+1 5
+1 5
+2 5
+2 5
+1 5
+2 5
+6 19
+4 19
+12 1
+2 1
+1 1
+26 1
+1 1
+3 1
+1 1
+1 1
+5 1
+2 1
+1 1
+1 1
+1 1
+2 1
+1 1
+1 1
+1 1
+2 1
+1 1
+2 1
+2 1
+2 1
+1 1
+1 1
+1 1
+2 1
+1 1
+1 1
+1 1
+2 1
+1 1
+2 3
+5 1
+2 1

fl=(34)
fn=(116)
35 2
-1 2
+1 2
+1 12
+4 2

fl=(61)
fn=(250)
71 1
+3 1
+2 1
+3 1
+13 1
+1 1
+1 1
+1 1
+1 1
+1 1
+1 1
+2 1
+29 1
+1 1
+1 1
cfi=(62)
cfn=(252)
calls=1 -65 
* 1127
+1 1
+3 1
+6 1
+1 1
+1 1
+1 1
+1 1
+1 1
+1 1
+2 1
+2 1
+4 1
+3 1
cob=(3)
cfi=(63) /usr/src/debug/glibc-2.17-c758a686/csu/../csu/libc-start.c
cfn=(256) (below main)
calls=1 -26 
* 63516

fn=(251)
71 4
+3 4
+2 4
+3 4
+13 4
+1 4
+1 4
+1 4
+1 4
+1 4
+1 4
+2 4
+29 4
+1 4
+1 4
cfi=(62)
cfn=(252)
calls=4 -65 
* 3389
+1 4
+3 4
+6 4
+1 4
+1 4
+1 4
+1 4
+1 4
+1 4
+2 4
+2 4
+4 4
+3 4
cob=(3)
cfi=(90) /usr/src/debug/glibc-2.17-c758a686/stdio-common/printf.c
cfn=(394) printf
calls=1 29 
* 580
cob=(3)
cfi=(89) /usr/src/debug////////glibc-2.17-c758a686/string/../sysdeps/x86_64/strtok.S
cfn=(388) strtok
calls=1 -92 
* 202
cob=(3)
cfi=(81) /usr/src/debug/glibc-2.17-c758a686/libio/iofgets.c
cfn=(344) fgets
calls=1 32 
* 566
cob=(3)
cfi=(69) /usr/src/debug/glibc-2.17-c758a686/libio/iofopen.c
cfn=(296) fopen@@GLIBC_2.2.5
calls=1 -61 
* 58404

fl=(24)
fn=(66)
39 8
+2 1
-2 1
+3 1
-3 2
+3 1
-3 1
+2 3
+1 2
+9 1
-10 1
+10 2
+10 4
+42 1
+3 17
+1 1
-1 4
+30 2
+8 2
+2 3
+1 2
+1 2
+3 2
+7 1
-7 1
+1 1
+7 1
-1 1
+4 3
+1 1
-1 6
+1 1
+18 12
+1 4
cfi=(17)
cfn=(40)
calls=1 -89 
* 34
* 1
+1 1
-1 1
+1 4
+26 1
+3 1
-3 2
+3 1
+28 9
+1 2
-1 2
+1 6
-1 8
+5 6
+3 1
-3 1
+3 2
-3 1
+3 1
-3 2
+3 1
-3 1
+3 2
-3 1
+3 3
+1 12
+1 4
-1 4
+1 8
-2 4
+1 8
-1 14
+4 4
+3 1
+2 2
-1 1
-1 2
+2 10
+13 2
+1 1
-1 1
+3 2
-3 2
+1 1
-1 1
+3 2
+3 3
+3 9
-65 4
cfi=(18)
cfn=(68)
calls=1 61 
* 22
+1 2
-1 2
+1 1
cfi=(18)
cfn=(68)
calls=1 61 
* 22
* 4

fl=(19)
fn=(54)
132 199
+1 199
+1 199
+1 122
+1 122
+1 122
+1 122
cfn=(55) strcmp'2
calls=122 -6 
* 8944
+5 77
+1 77
+1 77
+1 77

fn=(55)
132 1246
+1 1246
+1 1246
+1 1235
+1 1235
+1 1235
+1 1235
cfn=(55)
calls=1124 -6 
* 48252
+2 111
+1 111
+2 11
+1 11
+1 11
+1 11

fl=(10)
fn=(20)
26 21
+1 21
+1 21
+1 21
+2 8
+1 8
+2 8
+1 8
-1 26
+1 26
+1 33
+1 33
+1 33
+2 40
+5 20
+1 20
+1 20
+1 20
+3 20
-6 8
+1 8
+1 8
+1 8
+3 8
+1 22
+1 22
+1 22
+2 22
+3 19
+1 19
+1 19
+1 19
+3 19
+1 13
+1 13
+1 13
+2 13
+3 10
+1 10
+1 10
+1 10
+3 10
+1 8
+1 8
+1 8
+2 8
+3 8
+1 8
+1 8
+1 8
+3 8
+1 8
+1 8
+1 8
+2 8
+3 20
+2 20
+1 20
+1 14
+2 14
+1 14
+1 12
+2 12
+1 12
+1 10
+2 10
+1 10
+1 9
+2 9
+2 9
+1 9
+1 9
+2 9
+1 9
+1 7
+2 7
+1 7
+1 5
+2 5
+1 5
-1 16
+1 16

fl=(37)
fn=(132)
60 4
+7 2
-4 6
+1 2
-1 2
+1 2
-1 10
cfi=(23)
cfn=(102)
calls=2 2114 
* 5599
* 2
+5 4

fn=(128)
147 1
+1 1
-1 2
+1 1
-1 1
+1 1
-1 1
+1 2
-1 4
+1 2
-1 1
+1 2
-1 1
+1 10
+15 1
-15 1
+16 1
-2 1
+1 1
-15 1
+16 1
+6 3
+10 1
-10 1
+10 3
-14 1
-4 1
+2 1
+17 1
-17 1
-2 2
+2 1
-2 1
+2 1
-2 1
+1 1
+1 1
+6 3
+10 1
-10 1
+10 3
-16 4
+20 1
+21 1
+1 1
-22 2
+19 1
-12 1
+15 1
-16 1
+13 1
347 9
215 1
+4 1
-8 1
+8 2
-4 3
+4 3
-8 3
+8 6
+12 12
+2 4
+6 2
-6 4
+5 2
+1 2
+5 2
-4 2
+4 2
-4 2
+1 2
+3 2
-3 2
+3 4
-32 2
+32 4
+1 90
+6 8
cfi=(23)
cfn=(130)
calls=2 +31 
* 204
* 6
+5 10
-3 2
+3 2
cfi=(30)
cfn=(94)
calls=2 -97 
* 5749
+2 6
+15 2
+2 4
+19 4
+1 3
-51 180
475 8
+2 6
+3 4
-1 2
cfi=(17)
cfn=(40)
calls=2 93 
* 68
* 2
+2 2
-2 2
+2 2
+3 2
+1 8
-1 2
+1 2
cfi=(18)
cfn=(46)
calls=2 61 
* 41
+1 10
cfi=(18)
cfn=(46)
calls=2 61 
* 41
+4 2
-1 2
+5 28
+3 9
-1 4
+1 8
204 1
501 6
+1 2
+3 6
+11 4
-1 1
cfi=(17)
cfn=(40)
calls=1 93 
* 34
* 1
+3 1
-3 1
+3 2
+5 7
+1 4
+2 9
+6 9
+4 3
-10 3
+10 3
-10 7
+6 3
+4 1
-10 1
+10 1
-10 3
+13 2
+53 4
+43 18
+1 1
-1 3
-1 1
+2 1
cfi=(26)
cfn=(82)
calls=1 30 
* 14
* 11
+5 1
-1 1
+7 1
-6 1
+6 1
-11 6
+5 2
-1 2
+7 2
-6 2
+6 4
+2 8
+1 4
-1 4
+1 4
+3 6
-1 9
+23 3
-28 6
+31 9
+3 20
cfi=(26)
cfn=(82)
calls=2 30 
* 18
* 8
280 12
+6 2
-6 4
+3 2
+1 2
+1 2
+1 2
+4 10
-2 8
-37 6
-20 8
-19 4
+7 8
+1 17
+2 2
+2 6
+2 22
+71 129
688 2
+2 1
+1 1
-1 1
+9 3
+3 2
+3 8
226 26
628 10
cfi=(18)
cfn=(46)
calls=1 61 
* 28
+2 4
+33 3

fl=(7)
fn=(12)
86 7
+25 1
-1 1
+1 1
-25 1
+25 135
+6 1
-3 1
+1 1
-4 1
+3 1
+3 4
+1 6
-1 3
-29 1
-1 2
+31 108
-1 86
fi=(21)
-82 2
cfi=(8)
cfn=(14)
calls=1 -4 
* 12
fi=(5)
221 5
+4 1
cfi=(9)
cfn=(18)
calls=1 39 
* 81
fe=(7)
+1 3
+1 1
cfi=(10)
cfn=(20)
calls=1 26 
* 39
* 1
+2 2
cfi=(11)
cfn=(22)
calls=1 34 
* 17
* 3
+12 3
+3 6
cfi=(2)
cfn=(24)
calls=1 875 
* 108690
+2 9
-67 1
+1 1
-29 1
+1 1
+11 1
+1 1
-7 1
+1 1
-4 1
+1 1
-25 1
+1 1
-4 1
+1 1
-7 1
+1 1
+2 1
+1 1

fn=(190)
251 1

fl=(40)
fn=(156)
148 40
+15 4
-15 8
+15 4
+1 16
+6 8
+6 12
-18 4
+22 4
+8 8
-33 4
+78 4
fi=(5)
76 4
fe=(40)
233 8
fi=(5)
76 12
fe=(40)
259 176
159 10
fi=(5)
299 16
fe=(40)
-40 2
fi=(4)
48 2
fe=(40)
259 2
fi=(4)
58 2
fe=(40)
259 2
fi=(4)
47 4
+11 4
fe=(40)
259 2
159 10
fi=(5)
299 16
fe=(40)
-40 2
fi=(4)
48 2
fe=(40)
259 2
fi=(4)
58 2
fe=(40)
259 2
fi=(4)
47 4
+11 4
fe=(40)
259 4
fi=(4)
48 4
fe=(40)
259 4
fi=(4)
58 4
fe=(40)
259 4
fi=(4)
47 8
+11 8
+3 8
fi=(5)
508 16
+4 16
+2 24
+1 8
fi=(4)
61 24
+2 24
+11 4
+1 8
fe=(40)
259 24
+3 12
+24 4
+3 8
+17 12
+2 32
fi=(4)
84 6
+2 12
+12 6
-15 6
+15 6
-15 6
+15 6
+10 8
+3 10
fi=(5)
498 6
fi=(4)
111 8
fi=(5)
498 3573
fi=(4)
111 4764
+7 18
+3 5
+3 5
-3 5
+3 5
-74 3
fi=(5)
425 3
fi=(4)
51 3
fi=(5)
425 12
fi=(4)
127 440
+9 206
+3 206
fi=(5)
267 103
fi=(4)
138 103
-2 103
+1 412
fi=(5)
267 103
+21 206
+4 206
+7 1285
fi=(4)
137 75
fi=(5)
299 150
fi=(4)
137 75
fi=(5)
299 75
fi=(4)
138 75
fi=(5)
299 150
fi=(4)
137 75
fi=(5)
299 234
fi=(4)
137 9
fi=(5)
299 18
fi=(4)
137 9
fi=(5)
299 9
fi=(4)
138 9
fi=(5)
299 18
fi=(4)
137 9
fi=(5)
299 1035
cfi=(6)
cfn=(162)
calls=84 716 
* 66406
* 336
+2 270
+3 102
-3 204
+3 306
+6 721
fe=(40)
177 8
+1 2
+2 4
+79 10
fi=(5)
82 4
+4 6
+14 2
-8 2
+8 4
+20 4
+7 4
+4 8
418 270
fi=(4)
124 339
+19 6
+1 26
+1 21
+3 14
+4 14
-1 7
-3 7
+1 7
+1 7
-1 14
fi=(5)
299 28
+2 7
+3 7
-3 7
+3 21
471 14
+1 7
cob=(3)
cfi=(48) ???
cfn=(184) memcpy@GLIBC_2.2.5
calls=1 0 
* 15
cob=(3)
cfi=(47) /usr/src/debug/glibc-2.17-c758a686/time/../sysdeps/unix/sysv/linux/x86_64/gettimeofday.c
cfn=(182) gettimeofday
calls=1 30 
* 22
cob=(3)
cfi=(46) /usr/src/debug////////glibc-2.17-c758a686/string/../sysdeps/x86_64/multiarch/memset.S
cfn=(180) memset
calls=1 27 
* 8
cob=(3)
cfi=(42) /usr/src/debug////////glibc-2.17-c758a686/string/../sysdeps/x86_64/multiarch/strcmp.S
cfn=(178) strncasecmp
calls=1 120 
* 8
cob=(3)
cfi=(45) /usr/src/debug////////glibc-2.17-c758a686/string/../sysdeps/x86_64/multiarch/strnlen.S
cfn=(176) strnlen
calls=1 30 
* 5
cob=(3)
cfi=(43) /usr/src/debug/glibc-2.17-c758a686/time/../sysdeps/unix/sysv/linux/x86_64/time.c
cfn=(172) time
calls=1 36 
* 22
cob=(3)
cfi=(42)
cfn=(170) strcasecmp
calls=1 100 
* 8
+1 14
299 39
fi=(4)
129 26
fi=(5)
299 18
+91 36
+4 60
+5 60
-71 2
+1 3
fi=(4)
108 3
fe=(40)
314 4
+1 2
+1 2
-1 2
-1 4
+2 2
+3 4
+1 6
cfi=(36)
cfn=(120)
calls=2 81 
* 10
* 4
fi=(5)
-21 14
fi=(4)
129 3
+31 8
+2 12
+8 6
+1 3
-1 3
+1 3
fi=(5)
+96 3
fi=(4)
-97 6
fi=(5)
+97 3
+21 6
+4 6
+7 81
cfi=(6)
cfn=(162)
calls=3 716 
* 2125
* 12
+2 9
+3 1
-3 2
+3 3
+6 21
418 9
fi=(4)
160 9
+14 5
fi=(5)
299 132
fe=(40)

fl=(31)
fn=(98)
26 3
+9 3
+1 6
+1 3
+4 3
+1 3
+1 3
+1 3
+1 3
+2 6
+2 3
+1 3
+1 3
+2 6
+2 3
+4 3
+1 3

ob=(2)
fl=(16)
fn=(198)
0 2
cob=(4)
cfi=(51)
cfn=(200)
calls=1 0 
0 6
0 1
cob=(4)
cfi=(51)
cfn=(206)
calls=1 0 
0 6
0 1
cob=(4)
cfi=(51)
cfn=(212)
calls=1 0 
0 11
0 2

fn=(78)
0 8
cob=(1)
cfi=(17)
cfn=(80)
calls=8 121 
0 66

fn=(264)
0 5
cob=(5)
cfi=(60)
cfn=(268)
calls=1 0 
0 16
0 1
cob=(5)
cfi=(60)
cfn=(278)
calls=1 0 
0 4
0 2

fn=(300) 0x0000000004c44990
0 1
cob=(3)
cfi=(70) /usr/src/debug/glibc-2.17-c758a686/malloc/malloc.c
cfn=(302) malloc
calls=1 2894 
0 58092

ob=(3)
fl=(70)
fn=(302)
2894 4
+5 2
+1 2
+1 1
+19 3
-19 1
cfi=(71) /usr/src/debug/glibc-2.17-c758a686/malloc/hooks.c
cfn=(304) malloc_hook_ini
calls=1 30 
* 58079

fn=(303) malloc'2
2894 4
+5 2
+1 2
+3 7
+2 3
cfn=(310) _int_malloc
calls=1 3317 
* 1182
+3 1
-3 1
+3 1
+6 2
+1 4
+5 5
-17 6
+5 2

fn=(312) malloc_consolidate
4100 8
+22 2
+73 1
-73 3
1835 1
+2 3
-2 128
+2 378
-2 252
+6 3
+5 1
+2 1
-2 1
4195 8
1845 3

fn=(310)
3317 3
+30 1
-30 6
+30 9
+4 2
+14 2
+37 2
+1 2
+1 2
+2 3
+1 2
3809 8
-15 1
4965 2
3794 3
+2 25
4963 1
+2 1
-2 3
3463 5
1908 2
3593 2
+70 1
+1 1
+1 1
-1 1
+1 1
+1 2
+1 2
+5 4
+2 3
+2 4
-2 3
+2 4
-2 2
+97 1
+3 1
-2 2
+2 2
+16 2
3408 4
cfn=(312)
calls=1 4100 
* 793
* 3
3803 4
cfn=(314) sysmalloc
calls=1 2286 
* 247
+1 1
-1 1
+1 1
1908 4

fn=(314)
2286 9
+21 1
+11 1
-11 2
+11 1
+1 3
+79 1
+20 1
-19 2
+19 2
2724 2
+6 1
+3 1
-3 1
+3 2
+1 1
+3 3
-2 1
+2 2
+1 1
-1 1
-1 1
+1 1
+1 1
+2 1
+6 8
-21 2
2469 2
+19 2
-19 5
+19 2
+8 1
-8 1
+8 1
+1 6
cfi=(74) /usr/src/debug/glibc-2.17-c758a686/malloc/morecore.c
cfn=(316) __default_morecore
calls=1 46 
* 62
+1 1
-1 1
+1 1
+3 4
+2 2
+1 2
+18 2
+25 2
+2 2
2400 1
2555 1
-6 1
+6 1
+3 6
+42 3
+19 1
+3 2
+1 4
+3 1
-3 1
+3 2
cfi=(74)
cfn=(316)
calls=1 46 
* 45
+12 3
+5 2
+1 4
+35 1
+1 1
-2 1
+1 2
+12 1
-12 1
+1 2
+11 1
2548 5
+10 2

fl=(89)
fn=(388)
66 1
+1 1
+2 1
+1 1
+1 1
+1 1
+1 33
+12 1
+2 1
+4 1
+1 1
+1 1
+1 1
+1 1
+6 1
+1 1
+1 1
+1 1
+2 1
+1 1
+1 1
+16 1
+11 1
+2 1
+1 1
+1 1
+20 1
+2 1
+2 1
+1 1
+1 1
-4 10
+2 10
+1 10
+1 10
+2 10
+1 10
+1 10
+2 10
+1 10
+1 10
+2 10
+1 10
+1 10
+6 1
+1 1
+2 1
+3 1
+1 1
+1 1
+3 1
+4 1
+2 1

fl=(74)
fn=(316)
46 2
+1 2
cfi=(75) /usr/src/debug/glibc-2.17-c758a686/misc/sbrk.c
cfn=(318) sbrk
calls=2 -13 
* 91
+2 6
+2 6

fl=(82) /usr/src/debug/glibc-2.17-c758a686/libio/iogetline.c
fn=(348) _IO_getline_info
49 10
+2 1
-2 3
+2 1
+2 3
+2 4
+28 1
+2 2
-2 1
+2 1
-2 1
+2 1
cfi=(87) /usr/src/debug////////glibc-2.17-c758a686/string/../sysdeps/x86_64/memchr.S
cfn=(378) memchr
calls=1 -60 
* 37
+1 1
-1 1
+1 1
-29 6
+1 4
+2 2
cfi=(77) /usr/src/debug/glibc-2.17-c758a686/libio/genops.c
cfn=(350) __uflow
calls=1 349 
* 304
+1 2
+6 2
+11 1
-1 2
-22 2
+34 1
+1 1
-2 1
+1 1
-1 1
+2 2
+2 1
+2 2
+2 5
cfi=(88) /usr/src/debug////////glibc-2.17-c758a686/string/../sysdeps/x86_64/memcpy.S
cfn=(380) __GI_memcpy
calls=1 -35 
* 76
+1 1
+1 1
-1 1
+10 8
-53 2

fn=(346) _IO_getline
34 2
cfn=(348)
calls=1 +15 
* 498

fl=(66) /usr/src/debug////////glibc-2.17-c758a686/setjmp/../sysdeps/x86_64/setjmp.S
fn=(286) __sigsetjmp
26 1
+9 1
+1 2
+1 1
+4 1
+1 1
+1 1
+1 1
+1 1
+2 2
+2 1
+1 1
+1 1
+2 2
+2 1
+9 1
cfi=(67) /usr/src/debug/glibc-2.17-c758a686/setjmp/sigjmp.c
cfn=(288) __sigjmp_save
calls=1 -35 
* 9

fl=(76) /usr/src/debug/glibc-2.17-c758a686/misc/../sysdeps/unix/sysv/linux/x86_64/brk.c
fn=(320) brk
31 3
-3 3
+3 21
+8 3
-6 6
+7 3

fl=(54) /usr/src/debug/glibc-2.17-c758a686/misc/init-misc.c
fn=(222) __init_misc
30 4
+1 5
+2 3
cfi=(55) /usr/src/debug////////glibc-2.17-c758a686/string/../sysdeps/x86_64/strrchr.S
cfn=(224) __GI_strrchr
calls=1 -8 
* 51
+4 5
+1 3
+2 4

fl=(56) /usr/src/debug/glibc-2.17-c758a686/ctype/ctype-info.c
fn=(226) __ctype_init
32 5
+2 1
-2 2
+2 3
+2 5

fl=(44) /usr/src/debug/glibc-2.17-c758a686/elf/../sysdeps/unix/sysv/linux/dl-vdso.c
fn=(174) _dl_vdso_vsym
27 4
-1 4
+1 4
+4 8
-3 8

fl=(46)
fn=(180)
27 1
+1 1
+1 1
+1 1
+1 1
+2 1
+1 1
+5 1

fl=(67)
fn=(288)
29 2
-1 2
+1 2
+5 3

fl=(92) /usr/src/debug////////glibc-2.17-c758a686/string/../sysdeps/x86_64/strchrnul.S
fn=(398) strchrnul
26 1
+1 1
+1 1
+1 1
+1 1
+1 1
+1 1
+1 1
+1 1
+1 1
+1 1
+1 1
+1 1
+1 1
+1 1
+1 1
+1 1
+1 1
+1 1
+1 1
+2 1
+1 1
+1 1
+1 1
+1 1
+1 1
+1 1
+1 1
+1 1
+2 1
+1 1
+1 1

fl=(48)
fn=(184)
0 15

fl=(45)
fn=(176)
30 1
+1 1
+1 1
+1 1
+2 1

fl=(69)
fn=(338) __fopen_maybe_mmap
41 1
-2 1
+2 1
+15 1

fn=(298) __fopen_internal
61 6
+8 1
-8 2
+8 1
cob=(2)
cfi=(16)
cfn=(300)
calls=1 -69 
* 58093
+2 1
-2 1
+2 1
+3 1
+3 5
-3 1
+3 1
cfi=(77)
cfn=(322) _IO_no_init
calls=1 603 
* 58
+4 1
+1 1
-1 1
+1 1
cfi=(78) /usr/src/debug/glibc-2.17-c758a686/libio/fileops.c
cfn=(326) _IO_new_file_init_internal
calls=1 +61 
* 95
+4 5
cfi=(78)
cfn=(330) _IO_file_fopen@@GLIBC_2.2.5
calls=1 256 
* 113
* 1
+1 1
-1 1
+6 5
-5 1
cfn=(338)
calls=1 -46 
* 4

fn=(296)
97 2
cfn=(298)
calls=1 -36 
* 58402

fl=(84) /usr/src/debug/glibc-2.17-c758a686/io/../sysdeps/unix/sysv/linux/wordsize-64/fxstat.c
fn=(362) _fxstat
35 2
-1 2
+1 2
+1 12
+4 2

fl=(64) /usr/src/debug/glibc-2.17-c758a686/stdlib/cxa_atexit.c
fn=(258) __cxa_atexit
56 6
-22 2
cfn=(260) __new_exitfn
calls=1 +38 
* 39
+2 2
+4 1
+3 1
+1 1
-4 2
+2 1
+4 1
+1 1
+11 4

fn=(260)
72 1
+6 2
-6 3
+6 4
+2 4
-7 2
+9 3
-2 1
+10 1
-10 2
+45 1
+1 1
+3 4
+3 5
-35 2
+14 1
+1 2

fl=(78)
fn=(330)
256 1
+12 1
-12 8
+11 3
+2 4
426 8
277 2
-20 1
+37 12
+41 1
224 1
+1 2
-1 1
+4 1
cfi=(79) /usr/src/debug////////glibc-2.17-c758a686/io/../sysdeps/unix/syscall-template.S
cfn=(332) open
calls=1 81 
* 7
* 1
+4 2
+3 1
-1 1
+1 2
+3 2
-3 1
+3 1
+10 2
cfi=(77)
cfn=(328) _IO_link_in
calls=1 98 
* 11
355 3
cfi=(80) /usr/src/debug/glibc-2.17-c758a686/string/../string/strstr.c
cfn=(336) __GI_strstr
calls=1 53 
* 25
* 1
+1 3
-83 1
-1 1
-15 2

fn=(372) _IO_file_read
1211 4
cfi=(79)
cfn=(374) read
calls=1 81 
* 7

fn=(402) _IO_file_overflow@@GLIBC_2.2.5
802 8
+1 6
+7 10
+35 4
+3 2
+3 3
+1 3
+1 4
+4 1
+1 4
-45 2
+12 2
+9 4
+8 1
-4 1
+3 2
-2 2
-3 1
+1 2
+5 1
-1 1
+1 3
+1 2
+3 1
+1 1
+11 3
-12 1
cfn=(404) _IO_do_write@@GLIBC_2.2.5
calls=1 493 
* 15
-31 2
cfi=(77)
cfn=(356) _IO_doallocbuf
calls=1 395 
* 156
+1 6

fn=(354) _IO_file_underflow@@GLIBC_2.2.5
532 8
+8 3
+6 3
+3 2
+13 2
fi=(86) /usr/src/debug/glibc-2.17-c758a686/libio/libioP.h
888 3
fe=(78)
582 2
cfi=(77)
cfn=(370) _IO_switch_to_get_mode
calls=1 176 
* 24
+11 1
-5 1
fi=(86)
961 1
fe=(78)
588 2
fi=(86)
961 1
fe=(78)
589 1
+2 1
fi=(86)
962 1
fe=(78)
590 2
fi=(86)
962 1
fe=(78)
593 4
cfn=(372)
calls=1 1211 
* 11
+2 2
+10 1
-3 1
+3 2
+2 2
+1 11
-56 3
+5 2
cfi=(77)
cfn=(356)
calls=1 395 
* 143
* 2

fn=(360) _IO_file_stat
1224 2
+1 6
cfi=(84)
cfn=(362)
calls=2 35 
* 20

fn=(400) _IO_file_xsputn@@GLIBC_2.2.5
1275 1
+7 1
-7 7
+6 2
+7 6
+17 4
+17 3
+4 1
fi=(86)
959 3
+2 2
+1 2
fe=(78)
1326 3
cfn=(402)
calls=1 802 
* 221
* 2
+6 2
+1 6
+2 3
+11 2
+1 4
cfi=(77)
cfn=(406) _IO_default_xsputn
calls=1 423 
* 86
* 2
+2 2
+1 8
-45 3

fn=(326)
143 1
+4 1
-4 3
+5 1
-1 1
+3 1
cfi=(77)
cfn=(328)
calls=1 -52 
* 82
+1 1
+1 4

fn=(404)
493 1
+2 2
-2 5
+2 1
+1 6

fl=(81)
fn=(344)
32 1
+5 1
-5 3
+5 1
+2 3
+8 19
+4 1
+2 1
-1 2
+1 5
-2 1
+2 1
cfi=(82)
cfn=(346)
calls=1 -19 
* 500
+3 3
+8 2
fi=(86)
887 1
fe=(81)
64 1
fi=(86)
887 1
+1 9
fe=(81)
67 5
-11 2
+5 3

fl=(65) /usr/src/debug////////glibc-2.17-c758a686/setjmp/../sysdeps/x86_64/bsd-_setjmp.S
fn=(284) _setjmp
31 1
+2 1
cfi=(66)
cfn=(286)
calls=1 -7 
* 28

fl=(43)
fn=(172)
36 1
+1 1
+3 2
-3 4
+3 1
cfi=(44)
cfn=(174)
calls=1 -13 
* 7
* 3
+1 3

fl=(77)
fn=(352) _IO_default_uflow
413 1
fi=(86)
959 2
fe=(77)
413 1
fi=(86)
959 1
fe=(77)
413 2
+1 1
fi=(86)
961 2
+1 2
fe=(77)
414 2
cfi=(78)
cfn=(354)
calls=1 532 
* 243
+1 2
+2 4
+1 4

fn=(350)
349 4
+2 3
+6 5
+3 2
+2 2
+6 2
+7 1
fi=(86)
959 3
+2 2
+1 2
fe=(77)
375 1
+1 1
-1 1
+1 2
-1 1
cfn=(352)
calls=1 +38 
* 267
-24 2
+22 3

fn=(366) _IO_setb
381 10
+1 8
+3 2
+2 8
-3 2
+3 4
+3 8

fn=(406)
423 1
+4 1
-4 7
+3 1
-3 1
+3 1
fi=(86)
959 6
fe=(77)
456 5
fi=(86)
961 2
+1 2
fe=(77)
456 4
cfi=(78)
cfn=(402)
calls=1 802 
* 33
* 2
+2 1
-2 1
-25 8
+29 2
+1 8

fn=(328)
98 8
+1 6
+4 1
-2 2
+2 5
+1 10
+2 1
-2 1
+1 1
+1 1
-2 1
+2 1
-2 1
+2 14
+2 1
-2 1
+4 1
+2 1
-3 1
-1 1
+4 7
+2 1
-1 1
+1 8
+1 2
+3 8
-6 7

fn=(356)
395 6
+1 2
-1 2
+1 2
+6 8
-4 6
+1 2
fi=(86)
959 6
+2 4
+1 4
fe=(77)
399 4
cfi=(83) /usr/src/debug/glibc-2.17-c758a686/libio/filedoalloc.c
cfn=(358) _IO_file_doallocate
calls=2 95 
* 249
* 4

fn=(324) _IO_old_init
590 1
-16 1
+1 1
+15 1
+5 1
-21 1
+2 1
+1 1
+1 1
+17 1
-16 1
+1 1
+1 1
+1 1
+1 1
+1 1
+2 1
+1 1
+1 1
+1 1
+6 1
+1 4

fn=(322)
603 9
+1 1
cfn=(324)
calls=1 -14 
* 25
+3 1
-2 1
+2 1
+2 1
+1 1
+1 1
+1 1
+1 1
+1 1
+1 1
+1 1
+1 1
+1 1
+1 1
+1 1
+2 1
+3 1
+1 6

fn=(370)
176 4
+1 3
+3 3
+5 1
-1 2
+1 1
+7 1
-4 1
+2 2
+2 1
+1 1
+1 4

fl=(52)
fn=(218)
52 8
+6 6
+17 1
fi=(53) /usr/src/debug/glibc-2.17-c758a686/csu/../sysdeps/unix/sysv/linux/x86_64/init-first.c
-35 2
fe=(52)
+33 1
+1 1
fi=(53)
-34 1
-2 2
fe=(52)
+37 1
fi=(53)
-37 3
+2 1
cfi=(44)
cfn=(174)
calls=1 -13 
* 7
+1 2
+5 2
-3 2
+1 1
+2 1
cfi=(44)
cfn=(174)
calls=1 -19 
* 7
fe=(52)
+43 1
fi=(53)
-39 1
fe=(52)
+39 2
fi=(53)
-39 2
+1 2
+1 1
fe=(52)
+37 1
cfi=(54)
cfn=(222)
calls=1 -59 
* 75
+8 1
cfi=(56)
cfn=(226)
calls=1 -65 
* 16
+5 6
-35 1
-9 1
+9 4
fi=(53)
-25 2
fe=(52)

fl=(57)
fn=(228)
81 4
+1 3
+1 4

fl=(85) /usr/src/debug/glibc-2.17-c758a686/misc/../sysdeps/unix/sysv/linux/wordsize-64/mmap.c
fn=(364) mmap
32 2
+1 2
-1 18
+1 6
+1 20
+2 14
-3 4

fl=(90)
fn=(394)
29 8
+4 1
-4 1
+5 1
-1 5
+1 3
cfi=(91) /usr/src/debug/glibc-2.17-c758a686/stdio-common/vfprintf.c
cfn=(396) vfprintf
calls=1 222 
* 561

fl=(55)
fn=(224)
25 1
+1 1
+1 1
+1 1
+1 1
+1 1
+1 1
+1 1
+1 1
+1 1
+1 1
+1 1
+1 1
+1 1
+1 1
+1 1
+1 1
+1 1
+1 1
+1 1
+1 1
+1 1
+1 1
+2 1
+1 1
+1 1
+1 1
+1 1
+1 1
+1 1
+1 1
+1 1
+1 1
+2 2
+1 2
+1 2
+1 2
+2 1
+1 1
+1 1
+1 1
+2 1
+1 1
+1 1
+1 1
+1 1
+2 1

fl=(73) /usr/src/debug/glibc-2.17-c758a686/elf/dl-addr.c
fn=(308) _dl_addr
126 9
+5 1
-5 2
+5 2
cob=(1)
cfi=(2)
cfn=(50)
calls=1 787 
* 2
+3 6
+1 4
+1 15
+1 2
30 1
+1 1
-1 1
+4 2
+5 1
+6 1
-7 1
+2 2
+2 1
-2 1
+2 1
+3 1
+5 7
+2 1
+1 2
-1 1010
+1 2020
+2 4963
+6 11180
+2 8944
+1 16335
+7 2236
-2 2236
+2 5483
-21 2022
+49 3
+1 1
+1 3
+3 2
+41 3
cob=(1)
cfi=(2)
cfn=(52)
calls=1 793 
* 2
+3 9
-13 6
-19 1
+1 1
+23 2

fl=(79)
fn=(374)
81 2
cfn=(376) __read_nocancel
calls=1 * 
* 5

fn=(334) __open_nocancel
81 5

fn=(376)
81 5

fn=(332)
81 2
cfn=(334)
calls=1 * 
* 5

fl=(58)
fn=(238) intel_02_known_compare
121 261
+3 252
-2 3
+3 3

fn=(230)
478 2
+12 1
-12 1
+12 1
-12 1
+12 1
-12 1
+12 1
648 2
+2 1
+1 1
+2 1
-3 1
+5 1
-5 1
+4 3
+4 2
+2 1
+1 1
+2 1
+4 1
-7 1
+5 1
-5 1
+4 1
+3 2
-3 1
+3 1
-3 1
+3 2
492 2
cfn=(232) handle_intel.isra.0
calls=1 262 
* 1564
+4 1
-4 1
+4 1
cfn=(232)
calls=1 262 
* 982
+2 1
-2 1
-1 1
+3 1
+9 3
+2 1
+1 1
+2 1
+5 2
+9 16
-9 12
+6 3
-6 3
+6 3
-6 3
+6 1
-6 1
+6 1
+69 4
+1 6
-65 1
+32 1
-26 5
+7 2
+4 4
+2 4
-6 4
+4 1
-2 1
+2 1
-4 3
+4 1
-2 1
+2 1
+15 1
+1 4
-9 1
+2 2
+1 1
-1 2
+1 1
+1 1

fn=(232)
262 4
+12 2
-12 12
+9 2
+1 4
-3 6
+23 10
cfn=(234) intel_check_word
calls=2 132 
* 1478
+1 4
+3 10
cfn=(234)
calls=2 132 
* 735
+1 4
+3 5
cfn=(234)
calls=1 132 
* 31
+1 2
+3 5
cfn=(234)
calls=1 132 
* 194
+1 2
-25 4
+5 2
-5 4
+5 2
+2 2
+1 2
-1 4
+27 16

fn=(234)
132 48
+1 18
+6 48
+2 6
-2 6
+2 6
+88 10
-76 26
+53 26
+23 65
-1 13
+1 13
cfi=(59) /usr/src/debug/glibc-2.17-c758a686/stdlib/bsearch.c
cfn=(236) bsearch
calls=13 26 
* 1979
+2 26
+2 12
+14 2
+6 11
141 22
+2 13
+2 26
-10 4
258 48
-23 2
+2 4
+2 4

fl=(75)
fn=(318)
34 2
+8 2
-8 6
+8 9
+4 4
+4 4
+3 1
cfi=(76)
cfn=(320)
calls=1 -22 
* 13
* 2
+4 10
-14 4
cfi=(76)
cfn=(320)
calls=2 -12 
* 26
* 8

fl=(72) /usr/src/debug/glibc-2.17-c758a686/malloc/arena.c
fn=(306) ptmalloc_init.part.7
368 6
+11 1
-8 1
+8 1
+7 3
+2 5
+16 2
-71 84
+16 42
-18 129
449 2
+5 2
+1 2
+2 1
+1 7
-78 5
cfi=(73)
cfn=(308)
calls=1 126 
* 56529
* 2
+1 4
-47 10
+1 8

fl=(87)
fn=(378)
25 1
+1 1
+2 1
+1 1
+1 1
+1 1
+2 1
+1 1
+2 1
+1 1
+2 1
+1 1
+1 1
+1 1
+2 1
+1 1
+1 1
+1 1
+1 1
+1 1
+1 1
+1 1
+1 1
+1 1
+35 1
+1 1
+1 1
+1 1
+1 1
+2 1
+1 1
+1 1
+1 1
+1 1
261 1
+1 1
+1 1

fl=(42)
fn=(170)
100 1
+2 1
+1 1
+1 1
+2 1
+1 1
+1 1
+5 1

fn=(178)
120 1
+2 1
+1 1
+1 1
+2 1
+1 1
+1 1
+5 1

fl=(63)
fn=(256)
132 7
+4 1
-4 3
+4 7
+62 1
-62 1
+62 1
+1 4
cfi=(64)
cfn=(258)
calls=1 56 
* 61
+22 6
+3 2
+1 5
cob=(5)
cfi=(60)
cfn=(262)
calls=1 0 
* 54
+4 4
+15 2
+9 2
cfi=(65)
cfn=(284)
calls=1 31 
* 30
+1 2
+5 2
+1 2
+3 2
+3 6
cob=(5)
cfi=(68)
cfn=(290)
calls=1 6 
* 63311

fl=(83)
fn=(358)
95 10
+15 8
fi=(86)
959 6
+2 4
+1 4
fe=(83)
110 6
cfi=(78)
cfn=(360)
calls=2 1224 
* 28
* 4
+2 8
+11 9
-14 1
+18 6
cfi=(85)
cfn=(364)
calls=1 -95 
* 33
* 6
cfi=(85)
cfn=(364)
calls=1 -95 
* 33
* 4
+1 10
cfi=(77)
cfn=(366)
calls=2 381 
* 42
+1 2
+1 13
-13 1
fi=(94) /usr/src/debug/glibc-2.17-c758a686/libio/../sysdeps/unix/sysv/linux/sys/sysmacros.h
-71 6
fe=(83)
+71 1
-2 2
+5 2

fl=(88)
fn=(380)
61 1
+2 1
+2 1
+83 1
+6 1
+2 1
+1 1
+3 1
+1 3
+5 1
+1 1
+2 1
+2 1
+1 1
+2 1
-8 6
+1 6
+2 6
+2 6
+1 6
+2 8
+9 1
+1 1
+3 1
+1 1
+1 1
+5 1
+2 1
+1 1
+1 1
+1 1
+2 1
+1 1
+1 1
+1 1
+2 1
+1 1
+2 1
+22 1
+6 1
+1 1
+2 1

fl=(47)
fn=(182)
30 1
+1 1
+3 2
-3 4
+3 1
cfi=(44)
cfn=(174)
calls=1 -7 
* 7
+1 3
+1 3

fl=(59)
fn=(236)
26 13
+5 13
-5 117
+7 13
-7 26
+7 13
+7 26
+1 23
-8 46
+2 87
+2 87
-2 87
+1 261
+1 174
cfi=(58)
cfn=(238)
calls=87 +84 
* 519
+1 174
+1 61
-6 122
+14 10
-1 10
+1 73
-11 3
+11 21

fl=(71)
fn=(304)
30 2
fi=(72)
370 3
fe=(71)
29 3
cfi=(72)
cfn=(306)
calls=1 368 
* 56846
* 1
+4 1
-1 1
cfi=(70)
cfn=(303)
calls=1 2894 
* 1222

fl=(91)
fn=(396)
222 11
+35 3
1271 4
+4 5
+11 2
+11 1
fi=(95) /usr/src/debug/glibc-2.17-c758a686/stdio-common/printf-parse.h
109 2
fe=(91)
1297 5
fi=(95)
109 1
cfi=(92)
cfn=(398)
calls=1 -83 
* 32
fe=(91)
1312 1
fi=(95)
109 1
fe=(91)
1308 1
+4 2
+4 1
fi=(96) /usr/src/debug/glibc-2.17-c758a686/stdio-common/../libio/libioP.h
959 1
+2 1
-2 3
+2 2
+1 2
fe=(91)
1316 6
cfi=(78)
cfn=(400)
calls=1 -41 
* 376
* 3
-4 7
+1 15
+3 2
+4 1
-4 1
+4 2
+4 7
270 1
-6 1
-3 1
1301 1
-8 1
227 1
1372 8
-3 1
-1 1
-17 1
+1 1
+1 1
+1 1
+1 1
+1 1
+1 1
+1 1
+1 1
+1 1
+1 1
+3 1
+1 1
1554 2
-21 3
1372 9
1635 17

fl=(80)
fn=(336)
53 8
+10 3
+2 2
+1 1
+23 8
-26 1
-5 2

totals: 177712
